photo_url,recipe_idhttps://images.media-allrecipes.com/userphotos/560x315/996678.jpg,229455https://images.media-allrecipes.com/userphotos/560x315/994004.jpg,222395https://images.media-allrecipes.com/userphotos/560x315/973029.jpg,231008https://images.media-allrecipes.com/userphotos/560x315/971751.jpg,222333https://images.media-allrecipes.com/userphotos/560x315/971395.jpg,230160https://images.media-allrecipes.com/userphotos/560x315/969099.jpg,221966https://images.media-allrecipes.com/userphotos/560x315/969050.jpg,219166https://images.media-allrecipes.com/userphotos/560x315/967492.jpg,219964https://images.media-allrecipes.com/userphotos/560x315/967280.jpg,220942https://images.media-allrecipes.com/userphotos/560x315/966108.jpg,229444https://images.media-allrecipes.com/userphotos/560x315/965240.jpg,220996https://images.media-allrecipes.com/userphotos/560x315/963795.jpg,222342https://images.media-allrecipes.com/userphotos/560x315/963292.jpg,231005https://images.media-allrecipes.com/userphotos/560x315/962779.jpg,222233https://images.media-allrecipes.com/userphotos/560x315/962666.jpg,230569https://images.media-allrecipes.com/userphotos/560x315/961322.jpg,221960https://images.media-allrecipes.com/userphotos/560x315/959601.jpg,230750https://images.media-allrecipes.com/userphotos/560x315/959418.jpg,230747https://images.media-allrecipes.com/userphotos/560x315/955573.jpg,219109https://images.media-allrecipes.com/userphotos/560x315/883866.jpg,228049https://images.media-allrecipes.com/userphotos/560x315/880022.jpg,220280https://images.media-allrecipes.com/userphotos/560x315/876328.jpg,222388https://images.media-allrecipes.com/userphotos/560x315/875885.jpg,221957https://images.media-allrecipes.com/userphotos/560x315/875235.jpg,223196https://images.media-allrecipes.com/userphotos/560x315/874201.jpg,222313https://images.media-allrecipes.com/userphotos/560x315/872675.jpg,222206https://images.media-allrecipes.com/userphotos/560x315/871688.jpg,228272https://images.media-allrecipes.com/userphotos/560x315/870221.jpg,228045https://images.media-allrecipes.com/userphotos/560x315/863855.jpg,221140https://images.media-allrecipes.com/userphotos/560x315/863693.jpg,221959https://images.media-allrecipes.com/userphotos/560x315/862424.jpg,222337https://images.media-allrecipes.com/userphotos/560x315/858560.jpg,221948https://images.media-allrecipes.com/userphotos/560x315/849455.jpg,222310https://images.media-allrecipes.com/userphotos/560x315/849450.jpg,222334https://images.media-allrecipes.com/userphotos/560x315/849440.jpg,221898https://images.media-allrecipes.com/userphotos/560x315/848700.jpg,222239https://images.media-allrecipes.com/userphotos/560x315/847137.jpg,221137https://images.media-allrecipes.com/userphotos/560x315/846527.jpg,221951https://images.media-allrecipes.com/userphotos/560x315/846514.jpg,220323https://images.media-allrecipes.com/userphotos/560x315/844469.jpg,222001https://images.media-allrecipes.com/userphotos/560x315/843144.jpg,222314https://images.media-allrecipes.com/userphotos/560x315/842477.jpg,222331https://images.media-allrecipes.com/userphotos/560x315/840603.jpg,221902https://images.media-allrecipes.com/userphotos/560x315/833264.jpg,221899https://images.media-allrecipes.com/userphotos/560x315/825004.jpg,220995https://images.media-allrecipes.com/userphotos/560x315/813027.jpg,220127https://images.media-allrecipes.com/userphotos/560x315/810899.jpg,220057https://images.media-allrecipes.com/userphotos/560x315/810499.jpg,220059https://images.media-allrecipes.com/userphotos/560x315/805549.jpg,220181https://images.media-allrecipes.com/userphotos/560x315/781456.jpg,219163https://images.media-allrecipes.com/userphotos/560x315/763090.jpg,219110https://images.media-allrecipes.com/userphotos/560x315/744590.jpg,219472https://images.media-allrecipes.com/userphotos/560x315/744197.jpg,219167https://images.media-allrecipes.com/userphotos/560x315/6663025.jpg,232474https://images.media-allrecipes.com/userphotos/560x315/6661471.jpg,237320https://images.media-allrecipes.com/userphotos/560x315/6657774.jpg,221996https://images.media-allrecipes.com/userphotos/560x315/6645583.jpg,232359https://images.media-allrecipes.com/userphotos/560x315/6635314.jpg,242406https://images.media-allrecipes.com/userphotos/560x315/6629648.jpg,273455https://images.media-allrecipes.com/userphotos/560x315/6628613.jpg,220994https://images.media-allrecipes.com/userphotos/560x315/6623667.jpg,273495https://images.media-allrecipes.com/userphotos/560x315/6622167.jpg,220414https://images.media-allrecipes.com/userphotos/560x315/6619876.jpg,235718https://images.media-allrecipes.com/userphotos/560x315/6603351.jpg,273285https://images.media-allrecipes.com/userphotos/560x315/6602926.jpg,273213https://images.media-allrecipes.com/userphotos/560x315/6585422.jpg,273054https://images.media-allrecipes.com/userphotos/560x315/6584060.jpg,273034https://images.media-allrecipes.com/userphotos/560x315/6583475.jpg,240093https://images.media-allrecipes.com/userphotos/560x315/6557208.jpg,239867https://images.media-allrecipes.com/userphotos/560x315/6555806.jpg,272905https://images.media-allrecipes.com/userphotos/560x315/6555796.jpg,272778https://images.media-allrecipes.com/userphotos/560x315/6545799.jpg,233998https://images.media-allrecipes.com/userphotos/560x315/6539985.jpg,272766https://images.media-allrecipes.com/userphotos/560x315/6539977.jpg,272767https://images.media-allrecipes.com/userphotos/560x315/6528061.jpg,241738https://images.media-allrecipes.com/userphotos/560x315/6517017.jpg,272625https://images.media-allrecipes.com/userphotos/560x315/6516904.jpg,272615https://images.media-allrecipes.com/userphotos/560x315/6500782.jpg,223151https://images.media-allrecipes.com/userphotos/560x315/6493093.jpg,272461https://images.media-allrecipes.com/userphotos/560x315/6493028.jpg,272494https://images.media-allrecipes.com/userphotos/560x315/6485805.jpg,221227https://images.media-allrecipes.com/userphotos/560x315/6475298.jpg,272334https://images.media-allrecipes.com/userphotos/560x315/6469768.jpg,244455https://images.media-allrecipes.com/userphotos/560x315/6466690.jpg,232750https://images.media-allrecipes.com/userphotos/560x315/6460072.jpg,244200https://images.media-allrecipes.com/userphotos/560x315/6457195.jpg,236602https://images.media-allrecipes.com/userphotos/560x315/6448184.jpg,272184https://images.media-allrecipes.com/userphotos/560x315/6448179.jpg,272197https://images.media-allrecipes.com/userphotos/560x315/6440688.jpg,271049https://images.media-allrecipes.com/userphotos/560x315/6434444.jpg,222193https://images.media-allrecipes.com/userphotos/560x315/6434301.jpg,270955https://images.media-allrecipes.com/userphotos/560x315/6434291.jpg,270954https://images.media-allrecipes.com/userphotos/560x315/6434002.jpg,234676https://images.media-allrecipes.com/userphotos/560x315/6415750.jpg,270885https://images.media-allrecipes.com/userphotos/560x315/6397035.jpg,270770https://images.media-allrecipes.com/userphotos/560x315/6393034.jpg,270713https://images.media-allrecipes.com/userphotos/560x315/6377821.jpg,228374https://images.media-allrecipes.com/userphotos/560x315/6373503.jpg,270676https://images.media-allrecipes.com/userphotos/560x315/6373241.jpg,270675https://images.media-allrecipes.com/userphotos/560x315/6368941.jpg,236806https://images.media-allrecipes.com/userphotos/560x315/6348105.jpg,270577https://images.media-allrecipes.com/userphotos/560x315/6347971.jpg,270538https://images.media-allrecipes.com/userphotos/560x315/6345864.jpg,223041https://images.media-allrecipes.com/userphotos/560x315/6323726.jpg,270416https://images.media-allrecipes.com/userphotos/560x315/6322489.jpg,270369https://images.media-allrecipes.com/userphotos/560x315/6310606.jpg,239993https://images.media-allrecipes.com/userphotos/560x315/6305432.jpg,234424https://images.media-allrecipes.com/userphotos/560x315/6303510.jpg,270313https://images.media-allrecipes.com/userphotos/560x315/6303503.jpg,270299https://images.media-allrecipes.com/userphotos/560x315/6299958.jpg,256887https://images.media-allrecipes.com/userphotos/560x315/6291983.jpg,255588https://images.media-allrecipes.com/userphotos/560x315/6281646.jpg,221952https://images.media-allrecipes.com/userphotos/560x315/6273048.jpg,270102https://images.media-allrecipes.com/userphotos/560x315/6272750.jpg,270110https://images.media-allrecipes.com/userphotos/560x315/6272664.jpg,270114https://images.media-allrecipes.com/userphotos/560x315/6241420.jpg,269939https://images.media-allrecipes.com/userphotos/560x315/6241414.jpg,269959https://images.media-allrecipes.com/userphotos/560x315/6181858.jpg,221269https://images.media-allrecipes.com/userphotos/560x315/6176128.jpg,236032https://images.media-allrecipes.com/userphotos/560x315/6141819.jpg,269703https://images.media-allrecipes.com/userphotos/560x315/6130590.jpg,219919https://images.media-allrecipes.com/userphotos/560x315/6111511.jpg,269670https://images.media-allrecipes.com/userphotos/560x315/6104975.jpg,256889https://images.media-allrecipes.com/userphotos/560x315/6100205.jpg,269557https://images.media-allrecipes.com/userphotos/560x315/6081694.jpg,269483https://images.media-allrecipes.com/userphotos/560x315/6081280.jpg,269471https://images.media-allrecipes.com/userphotos/560x315/6056012.jpg,269358https://images.media-allrecipes.com/userphotos/560x315/6019680.jpg,269275https://images.media-allrecipes.com/userphotos/560x315/5979154.jpg,269181https://images.media-allrecipes.com/userphotos/560x315/5973737.jpg,269177https://images.media-allrecipes.com/userphotos/560x315/5948901.jpg,269059https://images.media-allrecipes.com/userphotos/560x315/5948860.jpg,269064https://images.media-allrecipes.com/userphotos/560x315/5922459.jpg,268930https://images.media-allrecipes.com/userphotos/560x315/5915709.jpg,221963https://images.media-allrecipes.com/userphotos/560x315/5909221.jpg,220943https://images.media-allrecipes.com/userphotos/560x315/5902046.jpg,268856https://images.media-allrecipes.com/userphotos/560x315/5902044.jpg,268858https://images.media-allrecipes.com/userphotos/560x315/5898155.jpg,221967https://images.media-allrecipes.com/userphotos/560x315/5896465.jpg,220596https://images.media-allrecipes.com/userphotos/560x315/5878991.jpg,237063https://images.media-allrecipes.com/userphotos/560x315/5877533.jpg,268773https://images.media-allrecipes.com/userphotos/560x315/5877219.jpg,260821https://images.media-allrecipes.com/userphotos/560x315/5874292.jpg,268769https://images.media-allrecipes.com/userphotos/560x315/5863204.jpg,268594https://images.media-allrecipes.com/userphotos/560x315/5859987.jpg,244198https://images.media-allrecipes.com/userphotos/560x315/5851911.jpg,268587https://images.media-allrecipes.com/userphotos/560x315/5847985.jpg,268596https://images.media-allrecipes.com/userphotos/560x315/5822211.jpg,268466https://images.media-allrecipes.com/userphotos/560x315/5822202.jpg,268465https://images.media-allrecipes.com/userphotos/560x315/5819490.jpg,268350https://images.media-allrecipes.com/userphotos/560x315/5797574.jpg,268309https://images.media-allrecipes.com/userphotos/560x315/5789457.jpg,219174https://images.media-allrecipes.com/userphotos/560x315/5781873.jpg,235565https://images.media-allrecipes.com/userphotos/560x315/5774968.jpg,236864https://images.media-allrecipes.com/userphotos/560x315/5747586.jpg,268029https://images.media-allrecipes.com/userphotos/560x315/5742440.jpg,268010https://images.media-allrecipes.com/userphotos/560x315/5742409.jpg,267974https://images.media-allrecipes.com/userphotos/560x315/5739249.jpg,231810https://images.media-allrecipes.com/userphotos/560x315/5720935.jpg,267936https://images.media-allrecipes.com/userphotos/560x315/5720867.jpg,267935https://images.media-allrecipes.com/userphotos/560x315/5709243.jpg,242360https://images.media-allrecipes.com/userphotos/560x315/5694130.jpg,267875https://images.media-allrecipes.com/userphotos/560x315/5694090.jpg,260540https://images.media-allrecipes.com/userphotos/560x315/5692570.jpg,267829https://images.media-allrecipes.com/userphotos/560x315/5692569.jpg,267828https://images.media-allrecipes.com/userphotos/560x315/5679265.jpg,260575https://images.media-allrecipes.com/userphotos/560x315/5679240.jpg,232719https://images.media-allrecipes.com/userphotos/560x315/5673301.jpg,267578https://images.media-allrecipes.com/userphotos/560x315/5670410.jpg,221127https://images.media-allrecipes.com/userphotos/560x315/5662391.jpg,222235https://images.media-allrecipes.com/userphotos/560x315/5656478.jpg,267575https://images.media-allrecipes.com/userphotos/560x315/5653752.jpg,267610https://images.media-allrecipes.com/userphotos/560x315/5651150.jpg,246669https://images.media-allrecipes.com/userphotos/560x315/5639693.jpg,234309https://images.media-allrecipes.com/userphotos/560x315/5635214.jpg,219162https://images.media-allrecipes.com/userphotos/560x315/5631858.jpg,267357https://images.media-allrecipes.com/userphotos/560x315/5631847.jpg,267358https://images.media-allrecipes.com/userphotos/560x315/5629389.jpg,235794https://images.media-allrecipes.com/userphotos/560x315/5596236.jpg,266825https://images.media-allrecipes.com/userphotos/560x315/5596233.jpg,266892https://images.media-allrecipes.com/userphotos/560x315/5589014.jpg,220991https://images.media-allrecipes.com/userphotos/560x315/5583940.jpg,266646https://images.media-allrecipes.com/userphotos/560x315/5577730.jpg,234533https://images.media-allrecipes.com/userphotos/560x315/5574649.jpg,266645https://images.media-allrecipes.com/userphotos/560x315/5572500.jpg,264606https://images.media-allrecipes.com/userphotos/560x315/5548903.jpg,266351https://images.media-allrecipes.com/userphotos/560x315/5548885.jpg,266334https://images.media-allrecipes.com/userphotos/560x315/5542783.jpg,266230https://images.media-allrecipes.com/userphotos/560x315/5538006.jpg,228642https://images.media-allrecipes.com/userphotos/560x315/5521733.jpg,266045https://images.media-allrecipes.com/userphotos/560x315/5514082.jpg,239145https://images.media-allrecipes.com/userphotos/560x315/5507493.jpg,238404https://images.media-allrecipes.com/userphotos/560x315/5505628.jpg,265861https://images.media-allrecipes.com/userphotos/560x315/5505129.jpg,221953https://images.media-allrecipes.com/userphotos/560x315/5503950.jpg,239783https://images.media-allrecipes.com/userphotos/560x315/5503693.jpg,237725https://images.media-allrecipes.com/userphotos/560x315/5492689.jpg,265860https://images.media-allrecipes.com/userphotos/560x315/5482571.jpg,244391https://images.media-allrecipes.com/userphotos/560x315/5480024.jpg,264278https://images.media-allrecipes.com/userphotos/560x315/5473886.jpg,220435https://images.media-allrecipes.com/userphotos/560x315/5470768.jpg,265538https://images.media-allrecipes.com/userphotos/560x315/5470755.jpg,265562https://images.media-allrecipes.com/userphotos/560x315/5466502.jpg,220520https://images.media-allrecipes.com/userphotos/560x315/5462764.jpg,232530https://images.media-allrecipes.com/userphotos/560x315/5457693.jpg,265434https://images.media-allrecipes.com/userphotos/560x315/5452819.jpg,244979https://images.media-allrecipes.com/userphotos/560x315/5452228.jpg,265394https://images.media-allrecipes.com/userphotos/560x315/5452212.jpg,265345https://images.media-allrecipes.com/userphotos/560x315/5439072.jpg,265316https://images.media-allrecipes.com/userphotos/560x315/5430083.jpg,220322https://images.media-allrecipes.com/userphotos/560x315/5426702.jpg,219076https://images.media-allrecipes.com/userphotos/560x315/5421197.jpg,265113https://images.media-allrecipes.com/userphotos/560x315/5418854.jpg,264951https://images.media-allrecipes.com/userphotos/560x315/5401787.jpg,264681https://images.media-allrecipes.com/userphotos/560x315/5388328.jpg,264590https://images.media-allrecipes.com/userphotos/560x315/5382600.jpg,264561https://images.media-allrecipes.com/userphotos/560x315/5378053.jpg,258748https://images.media-allrecipes.com/userphotos/560x315/5364852.jpg,264290https://images.media-allrecipes.com/userphotos/560x315/5364320.jpg,264320https://images.media-allrecipes.com/userphotos/560x315/5346158.jpg,264184https://images.media-allrecipes.com/userphotos/560x315/5346147.jpg,264183https://images.media-allrecipes.com/userphotos/560x315/5339425.jpg,231010https://images.media-allrecipes.com/userphotos/560x315/5330191.jpg,246931https://images.media-allrecipes.com/userphotos/560x315/5327386.jpg,263929https://images.media-allrecipes.com/userphotos/560x315/5327376.jpg,264005https://images.media-allrecipes.com/userphotos/560x315/5312362.jpg,263857https://images.media-allrecipes.com/userphotos/560x315/5309887.jpg,263814https://images.media-allrecipes.com/userphotos/560x315/5308041.jpg,263821https://images.media-allrecipes.com/userphotos/560x315/5308023.jpg,263829https://images.media-allrecipes.com/userphotos/560x315/5302834.jpg,263750https://images.media-allrecipes.com/userphotos/560x315/5299836.jpg,240751https://images.media-allrecipes.com/userphotos/560x315/5293780.jpg,256891https://images.media-allrecipes.com/userphotos/560x315/5293318.jpg,263749https://images.media-allrecipes.com/userphotos/560x315/5293310.jpg,263653https://images.media-allrecipes.com/userphotos/560x315/5290934.jpg,263631https://images.media-allrecipes.com/userphotos/560x315/5290758.jpg,263686https://images.media-allrecipes.com/userphotos/560x315/5287655.jpg,235273https://images.media-allrecipes.com/userphotos/560x315/5282068.jpg,263484https://images.media-allrecipes.com/userphotos/560x315/5282057.jpg,263567https://images.media-allrecipes.com/userphotos/560x315/5272248.jpg,263629https://images.media-allrecipes.com/userphotos/560x315/5272240.jpg,263622https://images.media-allrecipes.com/userphotos/560x315/5271684.jpg,263617https://images.media-allrecipes.com/userphotos/560x315/5271643.jpg,263611https://images.media-allrecipes.com/userphotos/560x315/5271611.jpg,263568https://images.media-allrecipes.com/userphotos/560x315/5265576.jpg,222396https://images.media-allrecipes.com/userphotos/560x315/5264143.jpg,246529https://images.media-allrecipes.com/userphotos/560x315/5262213.jpg,263521https://images.media-allrecipes.com/userphotos/560x315/5262200.jpg,263455https://images.media-allrecipes.com/userphotos/560x315/5262195.jpg,263516https://images.media-allrecipes.com/userphotos/560x315/5260957.jpg,263454https://images.media-allrecipes.com/userphotos/560x315/5258299.jpg,221191https://images.media-allrecipes.com/userphotos/560x315/5251766.jpg,263449https://images.media-allrecipes.com/userphotos/560x315/5251744.jpg,263453https://images.media-allrecipes.com/userphotos/560x315/5220623.jpg,234374https://images.media-allrecipes.com/userphotos/560x315/5134323.jpg,220250https://images.media-allrecipes.com/userphotos/560x315/5127848.jpg,229447https://images.media-allrecipes.com/userphotos/560x315/5125447.jpg,235799https://images.media-allrecipes.com/userphotos/560x315/5118524.jpg,236320https://images.media-allrecipes.com/userphotos/560x315/5097975.jpg,223301https://images.media-allrecipes.com/userphotos/560x315/5072808.jpg,221226https://images.media-allrecipes.com/userphotos/560x315/5025101.jpg,240239https://images.media-allrecipes.com/userphotos/560x315/4886145.jpg,221958https://images.media-allrecipes.com/userphotos/560x315/4789857.jpg,262161https://images.media-allrecipes.com/userphotos/560x315/4789785.jpg,262160https://images.media-allrecipes.com/userphotos/560x315/4754368.jpg,238131https://images.media-allrecipes.com/userphotos/560x315/4754364.jpg,236605https://images.media-allrecipes.com/userphotos/560x315/4754356.jpg,236701https://images.media-allrecipes.com/userphotos/560x315/4674617.jpg,261911https://images.media-allrecipes.com/userphotos/560x315/4648607.jpg,222330https://images.media-allrecipes.com/userphotos/560x315/4642945.jpg,261791https://images.media-allrecipes.com/userphotos/560x315/4641829.jpg,244945https://images.media-allrecipes.com/userphotos/560x315/4599954.jpg,254576https://images.media-allrecipes.com/userphotos/560x315/4597581.jpg,261792https://images.media-allrecipes.com/userphotos/560x315/4594807.jpg,261801https://images.media-allrecipes.com/userphotos/560x315/4594712.jpg,261790https://images.media-allrecipes.com/userphotos/560x315/4590346.jpg,261610https://images.media-allrecipes.com/userphotos/560x315/4589561.jpg,261588https://images.media-allrecipes.com/userphotos/560x315/4589560.jpg,261587https://images.media-allrecipes.com/userphotos/560x315/4584658.jpg,239435https://images.media-allrecipes.com/userphotos/560x315/4583076.jpg,261410https://images.media-allrecipes.com/userphotos/560x315/4582780.jpg,233254https://images.media-allrecipes.com/userphotos/560x315/4582617.jpg,261441https://images.media-allrecipes.com/userphotos/560x315/4582183.jpg,220751https://images.media-allrecipes.com/userphotos/560x315/4578433.jpg,261153https://images.media-allrecipes.com/userphotos/560x315/4576804.jpg,232847https://images.media-allrecipes.com/userphotos/560x315/4576042.jpg,261198https://images.media-allrecipes.com/userphotos/560x315/4575935.jpg,236504https://images.media-allrecipes.com/userphotos/560x315/4575853.jpg,229446https://images.media-allrecipes.com/userphotos/560x315/4575730.jpg,229456https://images.media-allrecipes.com/userphotos/560x315/4574620.jpg,240701https://images.media-allrecipes.com/userphotos/560x315/4573878.jpg,230047https://images.media-allrecipes.com/userphotos/560x315/4573816.jpg,219077https://images.media-allrecipes.com/userphotos/560x315/4573281.jpg,260996https://images.media-allrecipes.com/userphotos/560x315/4572704.jpg,223042https://images.media-allrecipes.com/userphotos/560x315/4572304.jpg,234297https://images.media-allrecipes.com/userphotos/560x315/4571501.jpg,231006https://images.media-allrecipes.com/userphotos/560x315/4570926.jpg,260917https://images.media-allrecipes.com/userphotos/560x315/4570919.jpg,260970https://images.media-allrecipes.com/userphotos/560x315/4568488.jpg,221264https://images.media-allrecipes.com/userphotos/560x315/4567482.jpg,260734https://images.media-allrecipes.com/userphotos/560x315/4565575.jpg,260735https://images.media-allrecipes.com/userphotos/560x315/4565572.jpg,260576https://images.media-allrecipes.com/userphotos/560x315/4565507.jpg,260733https://images.media-allrecipes.com/userphotos/560x315/4565485.jpg,260539https://images.media-allrecipes.com/userphotos/560x315/4562926.jpg,260470https://images.media-allrecipes.com/userphotos/560x315/4562916.jpg,260469https://images.media-allrecipes.com/userphotos/560x315/4562777.jpg,220417https://images.media-allrecipes.com/userphotos/560x315/4562747.jpg,260509https://images.media-allrecipes.com/userphotos/560x315/4560414.jpg,260318https://images.media-allrecipes.com/userphotos/560x315/4560413.jpg,260310https://images.media-allrecipes.com/userphotos/560x315/4556706.jpg,244203https://images.media-allrecipes.com/userphotos/560x315/4549857.jpg,259483https://images.media-allrecipes.com/userphotos/560x315/4549660.jpg,259481https://images.media-allrecipes.com/userphotos/560x315/4549643.jpg,259482https://images.media-allrecipes.com/userphotos/560x315/4547883.jpg,241874https://images.media-allrecipes.com/userphotos/560x315/4546075.jpg,259480https://images.media-allrecipes.com/userphotos/560x315/4545167.jpg,236994https://images.media-allrecipes.com/userphotos/560x315/4542510.jpg,254450https://images.media-allrecipes.com/userphotos/560x315/4541392.jpg,229728https://images.media-allrecipes.com/userphotos/560x315/4541124.jpg,239047https://images.media-allrecipes.com/userphotos/560x315/4540628.jpg,259199https://images.media-allrecipes.com/userphotos/560x315/4539518.jpg,232799https://images.media-allrecipes.com/userphotos/560x315/4539284.jpg,242352https://images.media-allrecipes.com/userphotos/560x315/4538687.jpg,258372https://images.media-allrecipes.com/userphotos/560x315/4538583.jpg,219111https://images.media-allrecipes.com/userphotos/560x315/4536182.jpg,220325https://images.media-allrecipes.com/userphotos/560x315/4535952.jpg,259099https://images.media-allrecipes.com/userphotos/560x315/4535574.jpg,259043https://images.media-allrecipes.com/userphotos/560x315/4535569.jpg,258848https://images.media-allrecipes.com/userphotos/560x315/4535524.jpg,259042https://images.media-allrecipes.com/userphotos/560x315/4534927.jpg,258804https://images.media-allrecipes.com/userphotos/560x315/4534355.jpg,238919https://images.media-allrecipes.com/userphotos/560x315/4533650.jpg,231169https://images.media-allrecipes.com/userphotos/560x315/4532706.jpg,258377https://images.media-allrecipes.com/userphotos/560x315/4531471.jpg,220854https://images.media-allrecipes.com/userphotos/560x315/4531104.jpg,238918https://images.media-allrecipes.com/userphotos/560x315/4531057.jpg,238314https://images.media-allrecipes.com/userphotos/560x315/4529365.jpg,258805https://images.media-allrecipes.com/userphotos/560x315/4529361.jpg,258803https://images.media-allrecipes.com/userphotos/560x315/4529143.jpg,228046https://images.media-allrecipes.com/userphotos/560x315/4528774.jpg,258749https://images.media-allrecipes.com/userphotos/560x315/4527207.jpg,220519https://images.media-allrecipes.com/userphotos/560x315/4525770.jpg,258494https://images.media-allrecipes.com/userphotos/560x315/4525768.jpg,258493https://images.media-allrecipes.com/userphotos/560x315/4524764.jpg,236702https://images.media-allrecipes.com/userphotos/560x315/4524598.jpg,222400https://images.media-allrecipes.com/userphotos/560x315/4523551.jpg,258371https://images.media-allrecipes.com/userphotos/560x315/4521542.jpg,258370https://images.media-allrecipes.com/userphotos/560x315/4521537.jpg,258369https://images.media-allrecipes.com/userphotos/560x315/4520954.jpg,239433https://images.media-allrecipes.com/userphotos/560x315/4518440.jpg,257657https://images.media-allrecipes.com/userphotos/560x315/4517196.jpg,258215https://images.media-allrecipes.com/userphotos/560x315/4517193.jpg,258214https://images.media-allrecipes.com/userphotos/560x315/4517170.jpg,258213https://images.media-allrecipes.com/userphotos/560x315/4516192.jpg,258038https://images.media-allrecipes.com/userphotos/560x315/4516186.jpg,258117https://images.media-allrecipes.com/userphotos/560x315/4514616.jpg,257718https://images.media-allrecipes.com/userphotos/560x315/4508324.jpg,221228https://images.media-allrecipes.com/userphotos/560x315/4507952.jpg,257989https://images.media-allrecipes.com/userphotos/560x315/4505366.jpg,254946https://images.media-allrecipes.com/userphotos/560x315/4500269.jpg,257734https://images.media-allrecipes.com/userphotos/560x315/4497537.jpg,257568https://images.media-allrecipes.com/userphotos/560x315/4497536.jpg,257532https://images.media-allrecipes.com/userphotos/560x315/4497509.jpg,221131https://images.media-allrecipes.com/userphotos/560x315/4497324.jpg,236803https://images.media-allrecipes.com/userphotos/560x315/4488398.jpg,236699https://images.media-allrecipes.com/userphotos/560x315/4486176.jpg,229445https://images.media-allrecipes.com/userphotos/560x315/4486082.jpg,237846https://images.media-allrecipes.com/userphotos/560x315/4485994.jpg,257426https://images.media-allrecipes.com/userphotos/560x315/4485991.jpg,257425https://images.media-allrecipes.com/userphotos/560x315/4484683.jpg,257491https://images.media-allrecipes.com/userphotos/560x315/4483189.jpg,222236https://images.media-allrecipes.com/userphotos/560x315/4482964.jpg,236862https://images.media-allrecipes.com/userphotos/560x315/4482724.jpg,257427https://images.media-allrecipes.com/userphotos/560x315/4481910.jpg,257341https://images.media-allrecipes.com/userphotos/560x315/4481898.jpg,257322https://images.media-allrecipes.com/userphotos/560x315/4481883.jpg,257321https://images.media-allrecipes.com/userphotos/560x315/4480305.jpg,220851https://images.media-allrecipes.com/userphotos/560x315/4479865.jpg,257242https://images.media-allrecipes.com/userphotos/560x315/4479286.jpg,238920https://images.media-allrecipes.com/userphotos/560x315/4479094.jpg,257193https://images.media-allrecipes.com/userphotos/560x315/4473194.jpg,256888https://images.media-allrecipes.com/userphotos/560x315/4473186.jpg,257150https://images.media-allrecipes.com/userphotos/560x315/4472585.jpg,237598https://images.media-allrecipes.com/userphotos/560x315/4470826.jpg,257179https://images.media-allrecipes.com/userphotos/560x315/4470816.jpg,256996https://images.media-allrecipes.com/userphotos/560x315/4470569.jpg,236321https://images.media-allrecipes.com/userphotos/560x315/4470534.jpg,256967https://images.media-allrecipes.com/userphotos/560x315/4468945.jpg,229451https://images.media-allrecipes.com/userphotos/560x315/4468816.jpg,235277https://images.media-allrecipes.com/userphotos/560x315/4467225.jpg,257073https://images.media-allrecipes.com/userphotos/560x315/4465998.jpg,256997https://images.media-allrecipes.com/userphotos/560x315/4465996.jpg,257030https://images.media-allrecipes.com/userphotos/560x315/4463304.jpg,256890https://images.media-allrecipes.com/userphotos/560x315/4462829.jpg,236502https://images.media-allrecipes.com/userphotos/560x315/4457802.jpg,256548https://images.media-allrecipes.com/userphotos/560x315/4439538.jpg,239232https://images.media-allrecipes.com/userphotos/560x315/4425236.jpg,223044https://images.media-allrecipes.com/userphotos/560x315/4401466.jpg,234914https://images.media-allrecipes.com/userphotos/560x315/4387883.jpg,238510https://images.media-allrecipes.com/userphotos/560x315/4340665.jpg,241311https://images.media-allrecipes.com/userphotos/560x315/4340374.jpg,256547https://images.media-allrecipes.com/userphotos/560x315/4340371.jpg,256569https://images.media-allrecipes.com/userphotos/560x315/4334673.jpg,240133https://images.media-allrecipes.com/userphotos/560x315/4302849.jpg,238261https://images.media-allrecipes.com/userphotos/560x315/4298742.jpg,256436https://images.media-allrecipes.com/userphotos/560x315/4298738.jpg,256437https://images.media-allrecipes.com/userphotos/560x315/4285535.jpg,222394https://images.media-allrecipes.com/userphotos/560x315/4266536.jpg,236501https://images.media-allrecipes.com/userphotos/560x315/4262559.jpg,256435https://images.media-allrecipes.com/userphotos/560x315/4262028.jpg,241556https://images.media-allrecipes.com/userphotos/560x315/4254003.jpg,221149https://images.media-allrecipes.com/userphotos/560x315/4253976.jpg,221150https://images.media-allrecipes.com/userphotos/560x315/4253962.jpg,240525https://images.media-allrecipes.com/userphotos/560x315/4253864.jpg,230566https://images.media-allrecipes.com/userphotos/560x315/4253848.jpg,240752https://images.media-allrecipes.com/userphotos/560x315/4239467.jpg,221999https://images.media-allrecipes.com/userphotos/560x315/4227652.jpg,222207https://images.media-allrecipes.com/userphotos/560x315/4227638.jpg,222209https://images.media-allrecipes.com/userphotos/560x315/4226774.jpg,222387https://images.media-allrecipes.com/userphotos/560x315/4226753.jpg,256108https://images.media-allrecipes.com/userphotos/560x315/4222637.jpg,230049https://images.media-allrecipes.com/userphotos/560x315/4192962.jpg,256288https://images.media-allrecipes.com/userphotos/560x315/4166074.jpg,230320https://images.media-allrecipes.com/userphotos/560x315/4144298.jpg,222397https://images.media-allrecipes.com/userphotos/560x315/4138726.jpg,239049https://images.media-allrecipes.com/userphotos/560x315/4130189.jpg,256102https://images.media-allrecipes.com/userphotos/560x315/4129871.jpg,256099https://images.media-allrecipes.com/userphotos/560x315/4118536.jpg,256101https://images.media-allrecipes.com/userphotos/560x315/4095456.jpg,231007https://images.media-allrecipes.com/userphotos/560x315/4074023.jpg,239542https://images.media-allrecipes.com/userphotos/560x315/4073969.jpg,234667https://images.media-allrecipes.com/userphotos/560x315/4067575.jpg,228372https://images.media-allrecipes.com/userphotos/560x315/4067560.jpg,219593https://images.media-allrecipes.com/userphotos/560x315/4064627.jpg,255814https://images.media-allrecipes.com/userphotos/560x315/4064619.jpg,255815https://images.media-allrecipes.com/userphotos/560x315/4045023.jpg,230568https://images.media-allrecipes.com/userphotos/560x315/4025378.jpg,255631https://images.media-allrecipes.com/userphotos/560x315/4020546.jpg,237640https://images.media-allrecipes.com/userphotos/560x315/4006999.jpg,230319https://images.media-allrecipes.com/userphotos/560x315/4006993.jpg,219075https://images.media-allrecipes.com/userphotos/560x315/4006864.jpg,221998https://images.media-allrecipes.com/userphotos/560x315/4001402.jpg,222401https://images.media-allrecipes.com/userphotos/560x315/3998220.jpg,234536https://images.media-allrecipes.com/userphotos/560x315/3983202.jpg,255591https://images.media-allrecipes.com/userphotos/560x315/3983187.jpg,255590https://images.media-allrecipes.com/userphotos/560x315/3983181.jpg,255589https://images.media-allrecipes.com/userphotos/560x315/3983175.jpg,255587https://images.media-allrecipes.com/userphotos/560x315/3980244.jpg,236805https://images.media-allrecipes.com/userphotos/560x315/3956950.jpg,242018https://images.media-allrecipes.com/userphotos/560x315/3956850.jpg,229448https://images.media-allrecipes.com/userphotos/560x315/3956699.jpg,245442https://images.media-allrecipes.com/userphotos/560x315/3956094.jpg,221972https://images.media-allrecipes.com/userphotos/560x315/3939816.jpg,220997https://images.media-allrecipes.com/userphotos/560x315/3939792.jpg,245028https://images.media-allrecipes.com/userphotos/560x315/3933605.jpg,237726https://images.media-allrecipes.com/userphotos/560x315/3933273.jpg,255334https://images.media-allrecipes.com/userphotos/560x315/3931900.jpg,255304https://images.media-allrecipes.com/userphotos/560x315/3931609.jpg,255279https://images.media-allrecipes.com/userphotos/560x315/3931593.jpg,255278https://images.media-allrecipes.com/userphotos/560x315/3919884.jpg,255281https://images.media-allrecipes.com/userphotos/560x315/3919877.jpg,255280https://images.media-allrecipes.com/userphotos/560x315/3904238.jpg,255277https://images.media-allrecipes.com/userphotos/560x315/3893160.jpg,228645https://images.media-allrecipes.com/userphotos/560x315/3882550.jpg,255013https://images.media-allrecipes.com/userphotos/560x315/3882539.jpg,255022https://images.media-allrecipes.com/userphotos/560x315/3882536.jpg,255021https://images.media-allrecipes.com/userphotos/560x315/3876892.jpg,255020https://images.media-allrecipes.com/userphotos/560x315/3867045.jpg,219634https://images.media-allrecipes.com/userphotos/560x315/3860477.jpg,255143https://images.media-allrecipes.com/userphotos/560x315/3860018.jpg,255019https://images.media-allrecipes.com/userphotos/560x315/3851703.jpg,255011https://images.media-allrecipes.com/userphotos/560x315/3850897.jpg,255012https://images.media-allrecipes.com/userphotos/560x315/3850890.jpg,255010https://images.media-allrecipes.com/userphotos/560x315/3835279.jpg,221265https://images.media-allrecipes.com/userphotos/560x315/3832888.jpg,236807https://images.media-allrecipes.com/userphotos/560x315/3832855.jpg,254274https://images.media-allrecipes.com/userphotos/560x315/3830049.jpg,220494https://images.media-allrecipes.com/userphotos/560x315/3830014.jpg,235614https://images.media-allrecipes.com/userphotos/560x315/3829306.jpg,254947https://images.media-allrecipes.com/userphotos/560x315/3829278.jpg,246737https://images.media-allrecipes.com/userphotos/560x315/3829243.jpg,254948https://images.media-allrecipes.com/userphotos/560x315/3829209.jpg,254944https://images.media-allrecipes.com/userphotos/560x315/3829199.jpg,254943https://images.media-allrecipes.com/userphotos/560x315/3820131.jpg,232437https://images.media-allrecipes.com/userphotos/560x315/3793689.jpg,220182https://images.media-allrecipes.com/userphotos/560x315/3792709.jpg,237321https://images.media-allrecipes.com/userphotos/560x315/3792561.jpg,236603https://images.media-allrecipes.com/userphotos/560x315/3791983.jpg,254574https://images.media-allrecipes.com/userphotos/560x315/3791973.jpg,254575https://images.media-allrecipes.com/userphotos/560x315/3789556.jpg,220987https://images.media-allrecipes.com/userphotos/560x315/3789451.jpg,237500https://images.media-allrecipes.com/userphotos/560x315/3786711.jpg,254554https://images.media-allrecipes.com/userphotos/560x315/3779105.jpg,239992https://images.media-allrecipes.com/userphotos/560x315/3779090.jpg,232791https://images.media-allrecipes.com/userphotos/560x315/3779081.jpg,241873https://images.media-allrecipes.com/userphotos/560x315/3778984.jpg,234937https://images.media-allrecipes.com/userphotos/560x315/3778905.jpg,222341https://images.media-allrecipes.com/userphotos/560x315/3778903.jpg,219078https://images.media-allrecipes.com/userphotos/560x315/3778883.jpg,220988https://images.media-allrecipes.com/userphotos/560x315/3778876.jpg,239543https://images.media-allrecipes.com/userphotos/560x315/3778871.jpg,244789https://images.media-allrecipes.com/userphotos/560x315/3778721.jpg,234933https://images.media-allrecipes.com/userphotos/560x315/3778621.jpg,254563https://images.media-allrecipes.com/userphotos/560x315/3778321.jpg,254804https://images.media-allrecipes.com/userphotos/560x315/3778096.jpg,222390https://images.media-allrecipes.com/userphotos/560x315/3777795.jpg,241898https://images.media-allrecipes.com/userphotos/560x315/3777782.jpg,254452https://images.media-allrecipes.com/userphotos/560x315/3775574.jpg,220415https://images.media-allrecipes.com/userphotos/560x315/3775470.jpg,238313https://images.media-allrecipes.com/userphotos/560x315/3773475.jpg,247363https://images.media-allrecipes.com/userphotos/560x315/3773412.jpg,254275https://images.media-allrecipes.com/userphotos/560x315/3773396.jpg,254451https://images.media-allrecipes.com/userphotos/560x315/3773388.jpg,254453https://images.media-allrecipes.com/userphotos/560x315/3772238.jpg,254553https://images.media-allrecipes.com/userphotos/560x315/3745444.jpg,238586https://images.media-allrecipes.com/userphotos/560x315/3736775.jpg,222760https://images.media-allrecipes.com/userphotos/560x315/3727226.jpg,222000https://images.media-allrecipes.com/userphotos/560x315/3726702.jpg,235471https://images.media-allrecipes.com/userphotos/560x315/3726265.jpg,247366https://images.media-allrecipes.com/userphotos/560x315/3715188.jpg,235171https://images.media-allrecipes.com/userphotos/560x315/3701996.jpg,237237https://images.media-allrecipes.com/userphotos/560x315/3701256.jpg,234616https://images.media-allrecipes.com/userphotos/560x315/3699756.jpg,254276https://images.media-allrecipes.com/userphotos/560x315/3699741.jpg,247365https://images.media-allrecipes.com/userphotos/560x315/3699662.jpg,254279https://images.media-allrecipes.com/userphotos/560x315/3699616.jpg,254277https://images.media-allrecipes.com/userphotos/560x315/3699605.jpg,254281https://images.media-allrecipes.com/userphotos/560x315/3699586.jpg,254278https://images.media-allrecipes.com/userphotos/560x315/3699573.jpg,254280https://images.media-allrecipes.com/userphotos/560x315/3685053.jpg,246718https://images.media-allrecipes.com/userphotos/560x315/3683436.jpg,233271https://images.media-allrecipes.com/userphotos/560x315/3680908.jpg,238264https://images.media-allrecipes.com/userphotos/560x315/3677718.jpg,237723https://images.media-allrecipes.com/userphotos/560x315/3672266.jpg,236990https://images.media-allrecipes.com/userphotos/560x315/3664748.jpg,233658https://images.media-allrecipes.com/userphotos/560x315/3661599.jpg,235595https://images.media-allrecipes.com/userphotos/560x315/3659533.jpg,219966https://images.media-allrecipes.com/userphotos/560x315/3646675.jpg,222391https://images.media-allrecipes.com/userphotos/560x315/3646620.jpg,222338https://images.media-allrecipes.com/userphotos/560x315/3638637.jpg,231009https://images.media-allrecipes.com/userphotos/560x315/3627935.jpg,233795https://images.media-allrecipes.com/userphotos/560x315/3609978.jpg,238846https://images.media-allrecipes.com/userphotos/560x315/3607404.jpg,247364https://images.media-allrecipes.com/userphotos/560x315/3601776.jpg,221163https://images.media-allrecipes.com/userphotos/560x315/3601394.jpg,244454https://images.media-allrecipes.com/userphotos/560x315/3592821.jpg,237239https://images.media-allrecipes.com/userphotos/560x315/3592617.jpg,235568https://images.media-allrecipes.com/userphotos/560x315/3591106.jpg,235182https://images.media-allrecipes.com/userphotos/560x315/3591039.jpg,221162https://images.media-allrecipes.com/userphotos/560x315/3590956.jpg,244812https://images.media-allrecipes.com/userphotos/560x315/3590874.jpg,235472https://images.media-allrecipes.com/userphotos/560x315/3590847.jpg,238506https://images.media-allrecipes.com/userphotos/560x315/3590822.jpg,244245https://images.media-allrecipes.com/userphotos/560x315/3590674.jpg,240523https://images.media-allrecipes.com/userphotos/560x315/3588627.jpg,247093https://images.media-allrecipes.com/userphotos/560x315/3588446.jpg,247094https://images.media-allrecipes.com/userphotos/560x315/3574675.jpg,237238https://images.media-allrecipes.com/userphotos/560x315/3574639.jpg,240237https://images.media-allrecipes.com/userphotos/560x315/3570996.jpg,237065https://images.media-allrecipes.com/userphotos/560x315/3570964.jpg,223198https://images.media-allrecipes.com/userphotos/560x315/3570824.jpg,236991https://images.media-allrecipes.com/userphotos/560x315/3569934.jpg,233270https://images.media-allrecipes.com/userphotos/560x315/3565083.jpg,221973https://images.media-allrecipes.com/userphotos/560x315/3563607.jpg,238387https://images.media-allrecipes.com/userphotos/560x315/3563536.jpg,219963https://images.media-allrecipes.com/userphotos/560x315/3563531.jpg,237319https://images.media-allrecipes.com/userphotos/560x315/3563526.jpg,238038https://images.media-allrecipes.com/userphotos/560x315/3554842.jpg,221976https://images.media-allrecipes.com/userphotos/560x315/3552084.jpg,228044https://images.media-allrecipes.com/userphotos/560x315/3548173.jpg,235272https://images.media-allrecipes.com/userphotos/560x315/3548158.jpg,237930https://images.media-allrecipes.com/userphotos/560x315/3548121.jpg,222191https://images.media-allrecipes.com/userphotos/560x315/3548115.jpg,238845https://images.media-allrecipes.com/userphotos/560x315/3548113.jpg,238844https://images.media-allrecipes.com/userphotos/560x315/3548106.jpg,220128https://images.media-allrecipes.com/userphotos/560x315/3548099.jpg,233687https://images.media-allrecipes.com/userphotos/560x315/3548045.jpg,244944https://images.media-allrecipes.com/userphotos/560x315/3548028.jpg,236703https://images.media-allrecipes.com/userphotos/560x315/3548022.jpg,221887https://images.media-allrecipes.com/userphotos/560x315/3547995.jpg,238921https://images.media-allrecipes.com/userphotos/560x315/3547948.jpg,235798https://images.media-allrecipes.com/userphotos/560x315/3547942.jpg,234537https://images.media-allrecipes.com/userphotos/560x315/3547921.jpg,221962https://images.media-allrecipes.com/userphotos/560x315/3547689.jpg,221271https://images.media-allrecipes.com/userphotos/560x315/3547682.jpg,234270https://images.media-allrecipes.com/userphotos/560x315/3547650.jpg,220251https://images.media-allrecipes.com/userphotos/560x315/3547631.jpg,234463https://images.media-allrecipes.com/userphotos/560x315/3547618.jpg,238848https://images.media-allrecipes.com/userphotos/560x315/3541804.jpg,238310https://images.media-allrecipes.com/userphotos/560x315/3540681.jpg,220126https://images.media-allrecipes.com/userphotos/560x315/3539484.jpg,221950https://images.media-allrecipes.com/userphotos/560x315/3536308.jpg,220125https://images.media-allrecipes.com/userphotos/560x315/3536283.jpg,247092https://images.media-allrecipes.com/userphotos/560x315/3536279.jpg,246974https://images.media-allrecipes.com/userphotos/560x315/3536209.jpg,238385https://images.media-allrecipes.com/userphotos/560x315/3533730.jpg,235566https://images.media-allrecipes.com/userphotos/560x315/3489951.jpg,246866https://images.media-allrecipes.com/userphotos/560x315/3489946.jpg,246868https://images.media-allrecipes.com/userphotos/560x315/3489929.jpg,246867https://images.media-allrecipes.com/userphotos/560x315/3484171.jpg,244698https://images.media-allrecipes.com/userphotos/560x315/3484160.jpg,245359https://images.media-allrecipes.com/userphotos/560x315/3470534.jpg,237637https://images.media-allrecipes.com/userphotos/560x315/3454021.jpg,221267https://images.media-allrecipes.com/userphotos/560x315/3444908.jpg,239230https://images.media-allrecipes.com/userphotos/560x315/3435023.jpg,246679https://images.media-allrecipes.com/userphotos/560x315/3435010.jpg,246681https://images.media-allrecipes.com/userphotos/560x315/3430096.jpg,238588https://images.media-allrecipes.com/userphotos/560x315/3414348.jpg,246680https://images.media-allrecipes.com/userphotos/560x315/3406306.jpg,246528https://images.media-allrecipes.com/userphotos/560x315/3406302.jpg,246667https://images.media-allrecipes.com/userphotos/560x315/3406301.jpg,246668https://images.media-allrecipes.com/userphotos/560x315/3390315.jpg,230161https://images.media-allrecipes.com/userphotos/560x315/3354136.jpg,221152https://images.media-allrecipes.com/userphotos/560x315/3345872.jpg,244978https://images.media-allrecipes.com/userphotos/560x315/3345859.jpg,244811https://images.media-allrecipes.com/userphotos/560x315/3345838.jpg,246030https://images.media-allrecipes.com/userphotos/560x315/3345477.jpg,246029https://images.media-allrecipes.com/userphotos/560x315/3345442.jpg,246463https://images.media-allrecipes.com/userphotos/560x315/3345433.jpg,246256https://images.media-allrecipes.com/userphotos/560x315/3345383.jpg,245360https://images.media-allrecipes.com/userphotos/560x315/3345334.jpg,246464https://images.media-allrecipes.com/userphotos/560x315/3318299.jpg,221901https://images.media-allrecipes.com/userphotos/560x315/3290042.jpg,221955https://images.media-allrecipes.com/userphotos/560x315/3282037.jpg,245363https://images.media-allrecipes.com/userphotos/560x315/3282023.jpg,245725https://images.media-allrecipes.com/userphotos/560x315/3282006.jpg,245943https://images.media-allrecipes.com/userphotos/560x315/3253639.jpg,246028https://images.media-allrecipes.com/userphotos/560x315/3253631.jpg,246126https://images.media-allrecipes.com/userphotos/560x315/3253594.jpg,246125https://images.media-allrecipes.com/userphotos/560x315/3253546.jpg,246194https://images.media-allrecipes.com/userphotos/560x315/3253541.jpg,245441https://images.media-allrecipes.com/userphotos/560x315/3253532.jpg,246255https://images.media-allrecipes.com/userphotos/560x315/3253517.jpg,245942https://images.media-allrecipes.com/userphotos/560x315/3253511.jpg,246195https://images.media-allrecipes.com/userphotos/560x315/3251851.jpg,246127https://images.media-allrecipes.com/userphotos/560x315/3250991.jpg,219086https://images.media-allrecipes.com/userphotos/560x315/3218207.jpg,235559https://images.media-allrecipes.com/userphotos/560x315/3215886.jpg,246124https://images.media-allrecipes.com/userphotos/560x315/3215640.jpg,228532https://images.media-allrecipes.com/userphotos/560x315/3124026.jpg,220183https://images.media-allrecipes.com/userphotos/560x315/3119546.jpg,221272https://images.media-allrecipes.com/userphotos/560x315/3107957.jpg,220993https://images.media-allrecipes.com/userphotos/560x315/3088895.jpg,245367https://images.media-allrecipes.com/userphotos/560x315/3086992.jpg,219636https://images.media-allrecipes.com/userphotos/560x315/3081950.jpg,245724https://images.media-allrecipes.com/userphotos/560x315/3081928.jpg,245731https://images.media-allrecipes.com/userphotos/560x315/3062375.jpg,221965https://images.media-allrecipes.com/userphotos/560x315/3061493.jpg,221949https://images.media-allrecipes.com/userphotos/560x315/3052285.jpg,239052https://images.media-allrecipes.com/userphotos/560x315/2960603.jpg,242463https://images.media-allrecipes.com/userphotos/560x315/2948277.jpg,235854https://images.media-allrecipes.com/userphotos/560x315/2940043.jpg,241310https://images.media-allrecipes.com/userphotos/560x315/2928460.jpg,236604https://images.media-allrecipes.com/userphotos/560x315/2913668.jpg,245361https://images.media-allrecipes.com/userphotos/560x315/2913652.jpg,245440https://images.media-allrecipes.com/userphotos/560x315/2904235.jpg,222203https://images.media-allrecipes.com/userphotos/560x315/2882778.jpg,235618https://images.media-allrecipes.com/userphotos/560x315/2882765.jpg,221956https://images.media-allrecipes.com/userphotos/560x315/2832109.jpg,219594https://images.media-allrecipes.com/userphotos/560x315/2805818.jpg,241000https://images.media-allrecipes.com/userphotos/560x315/2790718.jpg,234806https://images.media-allrecipes.com/userphotos/560x315/2780276.jpg,245362https://images.media-allrecipes.com/userphotos/560x315/2779658.jpg,233661https://images.media-allrecipes.com/userphotos/560x315/2772246.jpg,235560https://images.media-allrecipes.com/userphotos/560x315/2744045.jpg,238037https://images.media-allrecipes.com/userphotos/560x315/2735642.jpg,244697https://images.media-allrecipes.com/userphotos/560x315/2730482.jpg,237728https://images.media-allrecipes.com/userphotos/560x315/2717155.jpg,245272https://images.media-allrecipes.com/userphotos/560x315/2716837.jpg,245270https://images.media-allrecipes.com/userphotos/560x315/2712864.jpg,245271https://images.media-allrecipes.com/userphotos/560x315/2698683.jpg,222192https://images.media-allrecipes.com/userphotos/560x315/2686158.jpg,241309https://images.media-allrecipes.com/userphotos/560x315/2683567.jpg,245045https://images.media-allrecipes.com/userphotos/560x315/2662789.jpg,239785https://images.media-allrecipes.com/userphotos/560x315/2615013.jpg,219173https://images.media-allrecipes.com/userphotos/560x315/2612082.jpg,244914https://images.media-allrecipes.com/userphotos/560x315/2610516.jpg,220785https://images.media-allrecipes.com/userphotos/560x315/2571437.jpg,244813https://images.media-allrecipes.com/userphotos/560x315/2521030.jpg,241079https://images.media-allrecipes.com/userphotos/560x315/2518929.jpg,222312https://images.media-allrecipes.com/userphotos/560x315/2504055.jpg,238402https://images.media-allrecipes.com/userphotos/560x315/2502448.jpg,221129https://images.media-allrecipes.com/userphotos/560x315/2498140.jpg,244686https://images.media-allrecipes.com/userphotos/560x315/2460282.jpg,236600https://images.media-allrecipes.com/userphotos/560x315/2457724.jpg,235159https://images.media-allrecipes.com/userphotos/560x315/2456116.jpg,244631https://images.media-allrecipes.com/userphotos/560x315/2451285.jpg,244601https://images.media-allrecipes.com/userphotos/560x315/2451266.jpg,244632https://images.media-allrecipes.com/userphotos/560x315/2449461.jpg,219936https://images.media-allrecipes.com/userphotos/560x315/2443388.jpg,239788https://images.media-allrecipes.com/userphotos/560x315/2438000.jpg,244558https://images.media-allrecipes.com/userphotos/560x315/2436363.jpg,244557https://images.media-allrecipes.com/userphotos/560x315/2433292.jpg,234360https://images.media-allrecipes.com/userphotos/560x315/2432950.jpg,237240https://images.media-allrecipes.com/userphotos/560x315/2423808.jpg,240807https://images.media-allrecipes.com/userphotos/560x315/2410317.jpg,244554https://images.media-allrecipes.com/userphotos/560x315/2410313.jpg,244551https://images.media-allrecipes.com/userphotos/560x315/2410310.jpg,244552https://images.media-allrecipes.com/userphotos/560x315/2410297.jpg,244553https://images.media-allrecipes.com/userphotos/560x315/2400517.jpg,244474https://images.media-allrecipes.com/userphotos/560x315/2400303.jpg,244473https://images.media-allrecipes.com/userphotos/560x315/2400302.jpg,244472https://images.media-allrecipes.com/userphotos/560x315/2394708.jpg,221971https://images.media-allrecipes.com/userphotos/560x315/2390867.jpg,237497https://images.media-allrecipes.com/userphotos/560x315/2381404.jpg,236372https://images.media-allrecipes.com/userphotos/560x315/2377270.jpg,241080https://images.media-allrecipes.com/userphotos/560x315/2377267.jpg,244202https://images.media-allrecipes.com/userphotos/560x315/2377260.jpg,244201https://images.media-allrecipes.com/userphotos/560x315/2377259.jpg,242311https://images.media-allrecipes.com/userphotos/560x315/2377256.jpg,242205https://images.media-allrecipes.com/userphotos/560x315/2377254.jpg,242312https://images.media-allrecipes.com/userphotos/560x315/2377229.jpg,244264https://images.media-allrecipes.com/userphotos/560x315/2377225.jpg,240808https://images.media-allrecipes.com/userphotos/560x315/2377219.jpg,241796https://images.media-allrecipes.com/userphotos/560x315/2376441.jpg,244199https://images.media-allrecipes.com/userphotos/560x315/2372506.jpg,221268https://images.media-allrecipes.com/userphotos/560x315/2361845.jpg,241001https://images.media-allrecipes.com/userphotos/560x315/2346730.jpg,241704https://images.media-allrecipes.com/userphotos/560x315/2344401.jpg,237241https://images.media-allrecipes.com/userphotos/560x315/2343146.jpg,237826https://images.media-allrecipes.com/userphotos/560x315/2343032.jpg,244305https://images.media-allrecipes.com/userphotos/560x315/2339950.jpg,236863https://images.media-allrecipes.com/userphotos/560x315/2329568.jpg,219911https://images.media-allrecipes.com/userphotos/560x315/2327538.jpg,238403https://images.media-allrecipes.com/userphotos/560x315/2327236.jpg,237639https://images.media-allrecipes.com/userphotos/560x315/2325398.jpg,221900https://images.media-allrecipes.com/userphotos/560x315/2325190.jpg,238134https://images.media-allrecipes.com/userphotos/560x315/2323043.jpg,239053https://images.media-allrecipes.com/userphotos/560x315/2320355.jpg,238132https://images.media-allrecipes.com/userphotos/560x315/2300442.jpg,238034https://images.media-allrecipes.com/userphotos/560x315/2295942.jpg,242351https://images.media-allrecipes.com/userphotos/560x315/2288345.jpg,238587https://images.media-allrecipes.com/userphotos/560x315/2288290.jpg,240240https://images.media-allrecipes.com/userphotos/560x315/2280918.jpg,242405https://images.media-allrecipes.com/userphotos/560x315/2277851.jpg,242464https://images.media-allrecipes.com/userphotos/560x315/2266615.jpg,232908https://images.media-allrecipes.com/userphotos/560x315/2253290.jpg,234805https://images.media-allrecipes.com/userphotos/560x315/2251745.jpg,230048https://images.media-allrecipes.com/userphotos/560x315/2249264.jpg,240241https://images.media-allrecipes.com/userphotos/560x315/2222246.jpg,241705https://images.media-allrecipes.com/userphotos/560x315/2221074.jpg,219967https://images.media-allrecipes.com/userphotos/560x315/2212308.jpg,233652https://images.media-allrecipes.com/userphotos/560x315/2208214.jpg,238808https://images.media-allrecipes.com/userphotos/560x315/2204258.jpg,221212https://images.media-allrecipes.com/userphotos/560x315/2196324.jpg,241739https://images.media-allrecipes.com/userphotos/560x315/2180673.jpg,236992https://images.media-allrecipes.com/userphotos/560x315/2158157.jpg,236988https://images.media-allrecipes.com/userphotos/560x315/2156914.jpg,232363https://images.media-allrecipes.com/userphotos/560x315/2156491.jpg,236601https://images.media-allrecipes.com/userphotos/560x315/2151054.jpg,241081https://images.media-allrecipes.com/userphotos/560x315/2148479.jpg,235793https://images.media-allrecipes.com/userphotos/560x315/2136120.jpg,233975https://images.media-allrecipes.com/userphotos/560x315/2130869.jpg,240524https://images.media-allrecipes.com/userphotos/560x315/2101616.jpg,222205https://images.media-allrecipes.com/userphotos/560x315/2097783.jpg,220129https://images.media-allrecipes.com/userphotos/560x315/2084571.jpg,237140https://images.media-allrecipes.com/userphotos/560x315/2080529.jpg,230610https://images.media-allrecipes.com/userphotos/560x315/2067557.jpg,221130https://images.media-allrecipes.com/userphotos/560x315/2063248.jpg,241308https://images.media-allrecipes.com/userphotos/560x315/2052089.jpg,240136https://images.media-allrecipes.com/userphotos/560x315/2003174.jpg,222309https://images.media-allrecipes.com/userphotos/560x315/1979733.jpg,236804https://images.media-allrecipes.com/userphotos/560x315/1959329.jpg,234282https://images.media-allrecipes.com/userphotos/560x315/1955689.jpg,240933https://images.media-allrecipes.com/userphotos/560x315/1955685.jpg,240934https://images.media-allrecipes.com/userphotos/560x315/1955155.jpg,239870https://images.media-allrecipes.com/userphotos/560x315/1941574.jpg,240790https://images.media-allrecipes.com/userphotos/560x315/1941526.jpg,240805https://images.media-allrecipes.com/userphotos/560x315/1938860.jpg,222232https://images.media-allrecipes.com/userphotos/560x315/1938772.jpg,239234https://images.media-allrecipes.com/userphotos/560x315/1921019.jpg,221139https://images.media-allrecipes.com/userphotos/560x315/1917822.jpg,240606https://images.media-allrecipes.com/userphotos/560x315/1913675.jpg,238924https://images.media-allrecipes.com/userphotos/560x315/1900640.jpg,237138https://images.media-allrecipes.com/userphotos/560x315/1879579.jpg,237929https://images.media-allrecipes.com/userphotos/560x315/1866265.jpg,231170https://images.media-allrecipes.com/userphotos/560x315/1857800.jpg,240755https://images.media-allrecipes.com/userphotos/560x315/1845467.jpg,219116https://images.media-allrecipes.com/userphotos/560x315/1833451.jpg,240703https://images.media-allrecipes.com/userphotos/560x315/1833381.jpg,240702https://images.media-allrecipes.com/userphotos/560x315/1824674.jpg,238035https://images.media-allrecipes.com/userphotos/560x315/1818845.jpg,236860https://images.media-allrecipes.com/userphotos/560x315/1817094.jpg,240607https://images.media-allrecipes.com/userphotos/560x315/1806452.jpg,230567https://images.media-allrecipes.com/userphotos/560x315/1800320.jpg,239782https://images.media-allrecipes.com/userphotos/560x315/1763076.jpg,234677https://images.media-allrecipes.com/userphotos/560x315/1749711.jpg,230132https://images.media-allrecipes.com/userphotos/560x315/1748206.jpg,233953https://images.media-allrecipes.com/userphotos/560x315/1747481.jpg,222332https://images.media-allrecipes.com/userphotos/560x315/1741124.jpg,239061https://images.media-allrecipes.com/userphotos/560x315/1728826.jpg,240476https://images.media-allrecipes.com/userphotos/560x315/1728014.jpg,239060https://images.media-allrecipes.com/userphotos/560x315/1721886.jpg,240457https://images.media-allrecipes.com/userphotos/560x315/1710524.jpg,235274https://images.media-allrecipes.com/userphotos/560x315/1684614.jpg,235275https://images.media-allrecipes.com/userphotos/560x315/1666647.jpg,240238https://images.media-allrecipes.com/userphotos/560x315/1650247.jpg,236359https://images.media-allrecipes.com/userphotos/560x315/1638829.jpg,240135https://images.media-allrecipes.com/userphotos/560x315/1638795.jpg,240134https://images.media-allrecipes.com/userphotos/560x315/1637573.jpg,239233https://images.media-allrecipes.com/userphotos/560x315/1622724.jpg,239786https://images.media-allrecipes.com/userphotos/560x315/1608970.jpg,229860https://images.media-allrecipes.com/userphotos/560x315/1608278.jpg,240064https://images.media-allrecipes.com/userphotos/560x315/1600997.jpg,228641https://images.media-allrecipes.com/userphotos/560x315/1600386.jpg,238807https://images.media-allrecipes.com/userphotos/560x315/1597634.jpg,239869https://images.media-allrecipes.com/userphotos/560x315/1597278.jpg,222339https://images.media-allrecipes.com/userphotos/560x315/1596157.jpg,221164https://images.media-allrecipes.com/userphotos/560x315/1585152.jpg,230499https://images.media-allrecipes.com/userphotos/560x315/1578067.jpg,238133https://images.media-allrecipes.com/userphotos/560x315/1571199.jpg,239784https://images.media-allrecipes.com/userphotos/560x315/1570949.jpg,239868https://images.media-allrecipes.com/userphotos/560x315/1549595.jpg,233655https://images.media-allrecipes.com/userphotos/560x315/1545760.jpg,239787https://images.media-allrecipes.com/userphotos/560x315/1541522.jpg,239544https://images.media-allrecipes.com/userphotos/560x315/1532261.jpg,238263https://images.media-allrecipes.com/userphotos/560x315/1530485.jpg,238135https://images.media-allrecipes.com/userphotos/560x315/1524746.jpg,229624https://images.media-allrecipes.com/userphotos/560x315/1508123.jpg,219170https://images.media-allrecipes.com/userphotos/560x315/1501470.jpg,235853https://images.media-allrecipes.com/userphotos/560x315/1467390.jpg,219108https://images.media-allrecipes.com/userphotos/560x315/1454602.jpg,222194https://images.media-allrecipes.com/userphotos/560x315/1448336.jpg,229731https://images.media-allrecipes.com/userphotos/560x315/1423236.jpg,239231https://images.media-allrecipes.com/userphotos/560x315/1420646.jpg,239148https://images.media-allrecipes.com/userphotos/560x315/1415039.jpg,222002https://images.media-allrecipes.com/userphotos/560x315/1411644.jpg,238847https://images.media-allrecipes.com/userphotos/560x315/1406575.jpg,239146https://images.media-allrecipes.com/userphotos/560x315/1398809.jpg,239147https://images.media-allrecipes.com/userphotos/560x315/1390360.jpg,238036https://images.media-allrecipes.com/userphotos/560x315/1389202.jpg,234807https://images.media-allrecipes.com/userphotos/560x315/1353642.jpg,234621https://images.media-allrecipes.com/userphotos/560x315/1343576.jpg,238589https://images.media-allrecipes.com/userphotos/560x315/1341426.jpg,238508https://images.media-allrecipes.com/userphotos/560x315/1340081.jpg,238262https://images.media-allrecipes.com/userphotos/560x315/1337087.jpg,238922https://images.media-allrecipes.com/userphotos/560x315/1336904.jpg,238923https://images.media-allrecipes.com/userphotos/560x315/1330843.jpg,220597https://images.media-allrecipes.com/userphotos/560x315/1323683.jpg,222187https://images.media-allrecipes.com/userphotos/560x315/1322759.jpg,238806https://images.media-allrecipes.com/userphotos/560x315/1317083.jpg,238843https://images.media-allrecipes.com/userphotos/560x315/1313143.jpg,236503https://images.media-allrecipes.com/userphotos/560x315/1293054.jpg,233928https://images.media-allrecipes.com/userphotos/560x315/1266851.jpg,222234https://images.media-allrecipes.com/userphotos/560x315/1259706.jpg,236375https://images.media-allrecipes.com/userphotos/560x315/1252675.jpg,238509https://images.media-allrecipes.com/userphotos/560x315/1243309.jpg,238511https://images.media-allrecipes.com/userphotos/560x315/1221397.jpg,219106https://images.media-allrecipes.com/userphotos/560x315/1220840.jpg,237927https://images.media-allrecipes.com/userphotos/560x315/1211009.jpg,238384https://images.media-allrecipes.com/userphotos/560x315/1207574.jpg,231713https://images.media-allrecipes.com/userphotos/560x315/1200785.jpg,238312https://images.media-allrecipes.com/userphotos/560x315/1195212.jpg,238311https://images.media-allrecipes.com/userphotos/560x315/1185433.jpg,238260https://images.media-allrecipes.com/userphotos/560x315/1185398.jpg,238259https://images.media-allrecipes.com/userphotos/560x315/1180388.jpg,233582https://images.media-allrecipes.com/userphotos/560x315/1172367.jpg,233999https://images.media-allrecipes.com/userphotos/560x315/1167787.jpg,237928https://images.media-allrecipes.com/userphotos/560x315/1152499.jpg,221961https://images.media-allrecipes.com/userphotos/560x315/1152062.jpg,238130https://images.media-allrecipes.com/userphotos/560x315/1147012.jpg,221142https://images.media-allrecipes.com/userphotos/560x315/1133096.jpg,237827https://images.media-allrecipes.com/userphotos/560x315/1132642.jpg,237828https://images.media-allrecipes.com/userphotos/560x315/1131024.jpg,237727https://images.media-allrecipes.com/userphotos/560x315/1130529.jpg,234915https://images.media-allrecipes.com/userphotos/560x315/1130436.jpg,237824https://images.media-allrecipes.com/userphotos/560x315/1130028.jpg,233573https://images.media-allrecipes.com/userphotos/560x315/1128826.jpg,237724https://images.media-allrecipes.com/userphotos/560x315/1128597.jpg,235851https://images.media-allrecipes.com/userphotos/560x315/1127155.jpg,237638https://images.media-allrecipes.com/userphotos/560x315/1127148.jpg,237641https://images.media-allrecipes.com/userphotos/560x315/1124787.jpg,229443https://images.media-allrecipes.com/userphotos/560x315/1124195.jpg,237139https://images.media-allrecipes.com/userphotos/560x315/1120938.jpg,220989https://images.media-allrecipes.com/userphotos/560x315/1119245.jpg,237318https://images.media-allrecipes.com/userphotos/560x315/1119243.jpg,237317https://images.media-allrecipes.com/userphotos/560x315/1118918.jpg,219635https://images.media-allrecipes.com/userphotos/560x315/1115870.jpg,237064https://images.media-allrecipes.com/userphotos/560x315/1115056.jpg,237176https://images.media-allrecipes.com/userphotos/560x315/1115045.jpg,237141https://images.media-allrecipes.com/userphotos/560x315/1114753.jpg,219965https://images.media-allrecipes.com/userphotos/560x315/1112724.jpg,237061https://images.media-allrecipes.com/userphotos/560x315/1112684.jpg,222399https://images.media-allrecipes.com/userphotos/560x315/1111973.jpg,234534https://images.media-allrecipes.com/userphotos/560x315/1111636.jpg,235900https://images.media-allrecipes.com/userphotos/560x315/1110757.jpg,236993https://images.media-allrecipes.com/userphotos/560x315/1110755.jpg,236989https://images.media-allrecipes.com/userphotos/560x315/1109900.jpg,228643https://images.media-allrecipes.com/userphotos/560x315/1108826.jpg,230158https://images.media-allrecipes.com/userphotos/560x315/1108718.jpg,236861https://images.media-allrecipes.com/userphotos/560x315/1108660.jpg,219107https://images.media-allrecipes.com/userphotos/560x315/1105025.jpg,236599https://images.media-allrecipes.com/userphotos/560x315/1104151.jpg,236218https://images.media-allrecipes.com/userphotos/560x315/1102164.jpg,229453https://images.media-allrecipes.com/userphotos/560x315/1100729.jpg,236227https://images.media-allrecipes.com/userphotos/560x315/1100724.jpg,236322https://images.media-allrecipes.com/userphotos/560x315/1100715.jpg,236234https://images.media-allrecipes.com/userphotos/560x315/1099229.jpg,236226https://images.media-allrecipes.com/userphotos/560x315/1097487.jpg,222761https://images.media-allrecipes.com/userphotos/560x315/1093758.jpg,236319https://images.media-allrecipes.com/userphotos/560x315/1091995.jpg,219168https://images.media-allrecipes.com/userphotos/560x315/1091806.jpg,222186https://images.media-allrecipes.com/userphotos/560x315/1091570.jpg,235856https://images.media-allrecipes.com/userphotos/560x315/1091566.jpg,235857https://images.media-allrecipes.com/userphotos/560x315/1091564.jpg,236225https://images.media-allrecipes.com/userphotos/560x315/1089972.jpg,236219https://images.media-allrecipes.com/userphotos/560x315/1088858.jpg,228533https://images.media-allrecipes.com/userphotos/560x315/1088381.jpg,221211https://images.media-allrecipes.com/userphotos/560x315/1083596.jpg,235896https://images.media-allrecipes.com/userphotos/560x315/1083594.jpg,235901https://images.media-allrecipes.com/userphotos/560x315/1082922.jpg,235470https://images.media-allrecipes.com/userphotos/560x315/1082000.jpg,230159https://images.media-allrecipes.com/userphotos/560x315/1080296.jpg,235837https://images.media-allrecipes.com/userphotos/560x315/1077931.jpg,222389https://images.media-allrecipes.com/userphotos/560x315/1077229.jpg,235710https://images.media-allrecipes.com/userphotos/560x315/1073250.jpg,221270https://images.media-allrecipes.com/userphotos/560x315/1072703.jpg,235589https://images.media-allrecipes.com/userphotos/560x315/1070606.jpg,231588https://images.media-allrecipes.com/userphotos/560x315/1070555.jpg,235613https://images.media-allrecipes.com/userphotos/560x315/1070553.jpg,235567https://images.media-allrecipes.com/userphotos/560x315/1069309.jpg,222307https://images.media-allrecipes.com/userphotos/560x315/1068586.jpg,219171https://images.media-allrecipes.com/userphotos/560x315/1067708.jpg,235172https://images.media-allrecipes.com/userphotos/560x315/1067649.jpg,235473https://images.media-allrecipes.com/userphotos/560x315/1067639.jpg,235469https://images.media-allrecipes.com/userphotos/560x315/1066547.jpg,222402https://images.media-allrecipes.com/userphotos/560x315/1066546.jpg,234352https://images.media-allrecipes.com/userphotos/560x315/1066545.jpg,230748https://images.media-allrecipes.com/userphotos/560x315/1066527.jpg,233789https://images.media-allrecipes.com/userphotos/560x315/1066524.jpg,233726https://images.media-allrecipes.com/userphotos/560x315/1066521.jpg,233725https://images.media-allrecipes.com/userphotos/560x315/1066518.jpg,228644https://images.media-allrecipes.com/userphotos/560x315/1066512.jpg,222340https://images.media-allrecipes.com/userphotos/560x315/1066508.jpg,222311https://images.media-allrecipes.com/userphotos/560x315/1066505.jpg,233926https://images.media-allrecipes.com/userphotos/560x315/1066495.jpg,219597https://images.media-allrecipes.com/userphotos/560x315/1061659.jpg,219079https://images.media-allrecipes.com/userphotos/560x315/1060973.jpg,233651https://images.media-allrecipes.com/userphotos/560x315/1060604.jpg,234930https://images.media-allrecipes.com/userphotos/560x315/1060594.jpg,235278https://images.media-allrecipes.com/userphotos/560x315/1060566.jpg,235183https://images.media-allrecipes.com/userphotos/560x315/1060335.jpg,233794https://images.media-allrecipes.com/userphotos/560x315/1060199.jpg,234312https://images.media-allrecipes.com/userphotos/560x315/1060198.jpg,234316https://images.media-allrecipes.com/userphotos/560x315/1060196.jpg,234535https://images.media-allrecipes.com/userphotos/560x315/1060194.jpg,228373https://images.media-allrecipes.com/userphotos/560x315/1060192.jpg,230746https://images.media-allrecipes.com/userphotos/560x315/1060191.jpg,221974https://images.media-allrecipes.com/userphotos/560x315/1060190.jpg,221964https://images.media-allrecipes.com/userphotos/560x315/1060187.jpg,232397https://images.media-allrecipes.com/userphotos/560x315/1060186.jpg,228375https://images.media-allrecipes.com/userphotos/560x315/1060123.jpg,234804https://images.media-allrecipes.com/userphotos/560x315/1060122.jpg,235180https://images.media-allrecipes.com/userphotos/560x315/1059930.jpg,230318https://images.media-allrecipes.com/userphotos/560x315/1059928.jpg,233674https://images.media-allrecipes.com/userphotos/560x315/1059922.jpg,234931https://images.media-allrecipes.com/userphotos/560x315/1059917.jpg,234932https://images.media-allrecipes.com/userphotos/560x315/1059906.jpg,234934https://images.media-allrecipes.com/userphotos/560x315/1059635.jpg,235276https://images.media-allrecipes.com/userphotos/560x315/1059554.jpg,234940https://images.media-allrecipes.com/userphotos/560x315/1059519.jpg,234939https://images.media-allrecipes.com/userphotos/560x315/1059209.jpg,230749https://images.media-allrecipes.com/userphotos/560x315/1058391.jpg,220130https://images.media-allrecipes.com/userphotos/560x315/1056332.jpg,234938https://images.media-allrecipes.com/userphotos/560x315/1053911.jpg,234803https://images.media-allrecipes.com/userphotos/560x315/1052563.jpg,231351https://images.media-allrecipes.com/userphotos/560x315/1052488.jpg,220416https://images.media-allrecipes.com/userphotos/560x315/1052119.jpg,219165https://images.media-allrecipes.com/userphotos/560x315/1051510.jpg,234466https://images.media-allrecipes.com/userphotos/560x315/1051480.jpg,234620https://images.media-allrecipes.com/userphotos/560x315/1051456.jpg,234683https://images.media-allrecipes.com/userphotos/560x315/1051454.jpg,234283https://images.media-allrecipes.com/userphotos/560x315/1045247.jpg,234425https://images.media-allrecipes.com/userphotos/560x315/1045229.jpg,219112https://images.media-allrecipes.com/userphotos/560x315/1044651.jpg,229442https://images.media-allrecipes.com/userphotos/560x315/1044471.jpg,221141https://images.media-allrecipes.com/userphotos/560x315/1044288.jpg,234299https://images.media-allrecipes.com/userphotos/560x315/1041132.jpg,232809https://images.media-allrecipes.com/userphotos/560x315/1040470.jpg,233970https://images.media-allrecipes.com/userphotos/560x315/1040202.jpg,231702https://images.media-allrecipes.com/userphotos/560x315/1040015.jpg,233572https://images.media-allrecipes.com/userphotos/560x315/1034403.jpg,233583https://images.media-allrecipes.com/userphotos/560x315/1033830.jpg,220990https://images.media-allrecipes.com/userphotos/560x315/1031037.jpg,233170https://images.media-allrecipes.com/userphotos/560x315/1030875.jpg,232396https://images.media-allrecipes.com/userphotos/560x315/1030368.jpg,233231https://images.media-allrecipes.com/userphotos/560x315/1028361.jpg,221151https://images.media-allrecipes.com/userphotos/560x315/1028080.jpg,233272https://images.media-allrecipes.com/userphotos/560x315/1025578.jpg,229730https://images.media-allrecipes.com/userphotos/560x315/1023677.jpg,223362https://images.media-allrecipes.com/userphotos/560x315/1022906.jpg,228048https://images.media-allrecipes.com/userphotos/560x315/1020741.jpg,222392https://images.media-allrecipes.com/userphotos/560x315/1020011.jpg,232801https://images.media-allrecipes.com/userphotos/560x315/1019939.jpg,232697https://images.media-allrecipes.com/userphotos/560x315/1019853.jpg,232849https://images.media-allrecipes.com/userphotos/560x315/1018945.jpg,231396https://images.media-allrecipes.com/userphotos/560x315/1018689.jpg,222190https://images.media-allrecipes.com/userphotos/560x315/1017688.jpg,221975https://images.media-allrecipes.com/userphotos/560x315/1017621.jpg,223364https://images.media-allrecipes.com/userphotos/560x315/1017298.jpg,222204https://images.media-allrecipes.com/userphotos/560x315/1016517.jpg,232916https://images.media-allrecipes.com/userphotos/560x315/1014195.jpg,219088https://images.media-allrecipes.com/userphotos/560x315/1013935.jpg,222308https://images.media-allrecipes.com/userphotos/560x315/1013227.jpg,232792https://images.media-allrecipes.com/userphotos/560x315/1013107.jpg,232395https://images.media-allrecipes.com/userphotos/560x315/1011588.jpg,221128https://images.media-allrecipes.com/userphotos/560x315/1010419.jpg,219164https://images.media-allrecipes.com/userphotos/560x315/1009136.jpg,232357https://images.media-allrecipes.com/userphotos/560x315/1006330.jpg,232062https://images.media-allrecipes.com/userphotos/560x315/1003203.jpg,223363https://images.media-allrecipes.com/userphotos/560x315/1002149.jpg,221968https://images.media-allrecipes.com/userphotos/560x315/1001958.jpg,229729https://images.media-allrecipes.com/userphotos/560x315/956217.jpg,219090https://images.media-allrecipes.com/userphotos/560x315/950173.jpg,229449https://images.media-allrecipes.com/userphotos/560x315/948587.jpg,219091https://images.media-allrecipes.com/userphotos/560x315/946954.jpg,229454https://images.media-allrecipes.com/userphotos/560x315/944878.jpg,219169https://images.media-allrecipes.com/userphotos/560x315/939678.jpg,230157https://images.media-allrecipes.com/userphotos/560x315/936896.jpg,229452https://images.media-allrecipes.com/userphotos/560x315/930550.jpg,221997https://images.media-allrecipes.com/userphotos/560x315/920841.jpg,221954https://images.media-allrecipes.com/userphotos/560x315/906200.jpg,220179https://images.media-allrecipes.com/userphotos/560x315/904655.jpg,222393https://images.media-allrecipes.com/userphotos/560x315/878984.jpg,220180https://images.media-allrecipes.com/userphotos/560x315/878703.jpg,228371https://images.media-allrecipes.com/userphotos/560x315/873132.jpg,223195https://images.media-allrecipes.com/userphotos/560x315/866869.jpg,228047https://images.media-allrecipes.com/userphotos/560x315/860570.jpg,222854https://images.media-allrecipes.com/userphotos/560x315/858601.jpg,220992https://images.media-allrecipes.com/userphotos/560x315/857685.jpg,222208https://images.media-allrecipes.com/userphotos/560x315/855880.jpg,223197https://images.media-allrecipes.com/userphotos/560x315/855816.jpg,222238https://images.media-allrecipes.com/userphotos/560x315/853126.jpg,222336https://images.media-allrecipes.com/userphotos/560x315/841321.jpg,222188https://images.media-allrecipes.com/userphotos/560x315/835587.jpg,221138https://images.media-allrecipes.com/userphotos/560x315/826264.jpg,221266https://images.media-allrecipes.com/userphotos/560x315/819984.jpg,220598https://images.media-allrecipes.com/userphotos/560x315/811372.jpg,220324https://images.media-allrecipes.com/userphotos/560x315/799202.jpg,219591https://images.media-allrecipes.com/userphotos/560x315/748011.jpg,219082https://images.media-allrecipes.com/userphotos/560x315/721425.jpg,219113https://images.media-allrecipes.com/userphotos/560x315/1010129.jpg,222189https://images.media-allrecipes.com/images/79591.png,240092https://images.media-allrecipes.com/userphotos/560x315/6263449.jpg,244913https://images.media-allrecipes.com/userphotos/560x315/4086481.jpg,255936https://images.media-allrecipes.com/userphotos/560x315/6263449.jpg,244913https://images.media-allrecipes.com/userphotos/560x315/3590935.jpg,245029https://images.media-allrecipes.com/userphotos/560x315/6615613.jpg,229450https://images.media-allrecipes.com/userphotos/560x315/3829185.jpg,254945https://images.media-allrecipes.com/userphotos/560x315/6202194.jpg,256886https://images.media-allrecipes.com/userphotos/560x315/6360772.jpg,236700https://images.media-allrecipes.com/userphotos/560x315/5679744.jpg,256968https://images.media-allrecipes.com/userphotos/560x315/805840.jpg,220184https://images.media-allrecipes.com/userphotos/560x315/3548139.jpg,221005https://images.media-allrecipes.com/userphotos/560x315/873291.jpg,221006https://images.media-allrecipes.com/userphotos/560x315/4555115.jpg,221007https://images.media-allrecipes.com/userphotos/560x315/3708703.jpg,221053https://images.media-allrecipes.com/userphotos/560x315/2144821.jpg,221054https://images.media-allrecipes.com/userphotos/560x315/860746.jpg,221068https://images.media-allrecipes.com/userphotos/560x315/3869480.jpg,221069https://images.media-allrecipes.com/userphotos/560x315/1004466.jpg,221070https://images.media-allrecipes.com/userphotos/560x315/873353.jpg,221071https://images.media-allrecipes.com/userphotos/560x315/871730.jpg,221079https://images.media-allrecipes.com/userphotos/560x315/6600774.jpg,221080https://images.media-allrecipes.com/userphotos/560x315/883933.jpg,221089https://images.media-allrecipes.com/userphotos/560x315/1031349.jpg,221090https://images.media-allrecipes.com/userphotos/560x315/3548042.jpg,221091https://images.media-allrecipes.com/userphotos/560x315/1053610.jpg,221092https://images.media-allrecipes.com/userphotos/560x315/1018451.jpg,221093https://images.media-allrecipes.com/userphotos/560x315/1066507.jpg,222237https://images.media-allrecipes.com/userphotos/560x315/3779117.jpg,223043https://images.media-allrecipes.com/userphotos/250x250/853240.jpg,223045https://images.media-allrecipes.com/userphotos/560x315/2318004.jpg,223046https://images.media-allrecipes.com/userphotos/560x315/2049210.jpg,223047https://images.media-allrecipes.com/userphotos/560x315/3548087.jpg,223048https://images.media-allrecipes.com/userphotos/560x315/4562804.jpg,223049https://images.media-allrecipes.com/userphotos/560x315/1259534.jpg,223050https://images.media-allrecipes.com/userphotos/560x315/6633503.jpg,223051https://images.media-allrecipes.com/userphotos/560x315/4518623.jpg,223069https://images.media-allrecipes.com/userphotos/560x315/892657.jpg,223150https://images.media-allrecipes.com/userphotos/560x315/974391.jpg,223152https://images.media-allrecipes.com/userphotos/250x250/972741.jpg,223153https://images.media-allrecipes.com/userphotos/560x315/6515152.jpg,223154https://images.media-allrecipes.com/userphotos/560x315/3800640.jpg,229270https://images.media-allrecipes.com/userphotos/560x315/1066496.jpg,229271https://images.media-allrecipes.com/userphotos/560x315/905261.jpg,229272https://images.media-allrecipes.com/userphotos/560x315/1066491.jpg,229273https://images.media-allrecipes.com/userphotos/560x315/970717.jpg,231350https://images.media-allrecipes.com/userphotos/560x315/1788407.jpg,231352https://images.media-allrecipes.com/userphotos/560x315/3463503.jpg,231353https://images.media-allrecipes.com/userphotos/560x315/1035092.jpg,231354https://images.media-allrecipes.com/userphotos/560x315/1041508.jpg,233294https://images.media-allrecipes.com/userphotos/560x315/3212681.jpg,233295https://images.media-allrecipes.com/userphotos/560x315/1225928.jpg,233327https://images.media-allrecipes.com/userphotos/560x315/1052615.jpg,233397https://images.media-allrecipes.com/userphotos/560x315/3699646.jpg,233398https://images.media-allrecipes.com/userphotos/560x315/4814257.jpg,233399https://images.media-allrecipes.com/userphotos/560x315/4531106.jpg,235348https://images.media-allrecipes.com/userphotos/560x315/4874320.jpg,235355https://images.media-allrecipes.com/userphotos/560x315/1787584.jpg,235356https://images.media-allrecipes.com/userphotos/560x315/4564482.jpg,235357https://images.media-allrecipes.com/userphotos/560x315/4468649.jpg,235358https://images.media-allrecipes.com/userphotos/560x315/1065582.jpg,235359https://images.media-allrecipes.com/userphotos/560x315/6591593.jpg,235360https://images.media-allrecipes.com/userphotos/560x315/2030139.jpg,235366https://images.media-allrecipes.com/userphotos/560x315/4095442.jpg,235414https://images.media-allrecipes.com/userphotos/560x315/4754361.jpg,235415https://images.media-allrecipes.com/userphotos/560x315/1123450.jpg,237471https://images.media-allrecipes.com/userphotos/560x315/1123463.jpg,237472https://images.media-allrecipes.com/userphotos/560x315/1123459.jpg,237473https://images.media-allrecipes.com/userphotos/560x315/3548135.jpg,237474https://images.media-allrecipes.com/userphotos/560x315/2200270.jpg,237475https://images.media-allrecipes.com/userphotos/560x315/3565101.jpg,237476https://images.media-allrecipes.com/userphotos/560x315/1123452.jpg,237477https://images.media-allrecipes.com/userphotos/560x315/1125167.jpg,237496https://images.media-allrecipes.com/userphotos/560x315/1125398.jpg,237498https://images.media-allrecipes.com/userphotos/560x315/2026862.jpg,237499https://images.media-allrecipes.com/userphotos/560x315/5152849.jpg,239465https://images.media-allrecipes.com/userphotos/560x315/4580144.jpg,239466https://images.media-allrecipes.com/userphotos/560x315/1485696.jpg,239540https://images.media-allrecipes.com/userphotos/560x315/4470536.jpg,239541https://images.media-allrecipes.com/userphotos/560x315/3558231.jpg,241498https://images.media-allrecipes.com/userphotos/560x315/5082394.jpg,241499https://images.media-allrecipes.com/userphotos/560x315/2278213.jpg,241500https://images.media-allrecipes.com/userphotos/560x315/2211494.jpg,241553https://images.media-allrecipes.com/userphotos/560x315/2332452.jpg,241554https://images.media-allrecipes.com/userphotos/560x315/2191857.jpg,241555https://images.media-allrecipes.com/userphotos/560x315/2914356.jpg,245584https://images.media-allrecipes.com/userphotos/560x315/2941015.jpg,245585https://images.media-allrecipes.com/userphotos/560x315/2913639.jpg,245617https://images.media-allrecipes.com/userphotos/560x315/3130824.jpg,245619https://images.media-allrecipes.com/userphotos/560x315/4064575.jpg,255823https://images.media-allrecipes.com/userphotos/560x315/4064327.jpg,255863https://images.media-allrecipes.com/userphotos/560x315/4137859.jpg,255864https://images.media-allrecipes.com/userphotos/560x315/4064320.jpg,255935https://images.media-allrecipes.com/userphotos/560x315/4502607.jpg,257871https://images.media-allrecipes.com/userphotos/560x315/6576901.jpg,257918https://images.media-allrecipes.com/userphotos/560x315/4507924.jpg,257919https://images.media-allrecipes.com/userphotos/560x315/4507925.jpg,257938https://images.media-allrecipes.com/userphotos/560x315/4551797.jpg,260013https://images.media-allrecipes.com/userphotos/560x315/6206783.jpg,260014https://images.media-allrecipes.com/userphotos/560x315/4552996.jpg,260018https://images.media-allrecipes.com/userphotos/560x315/4675434.jpg,261983https://images.media-allrecipes.com/userphotos/560x315/4684123.jpg,262044https://images.media-allrecipes.com/userphotos/560x315/5328431.jpg,264043https://images.media-allrecipes.com/userphotos/560x315/5330897.jpg,264058https://images.media-allrecipes.com/userphotos/560x315/5330923.jpg,264059https://images.media-allrecipes.com/userphotos/560x315/5521742.jpg,266085https://images.media-allrecipes.com/userphotos/560x315/5521746.jpg,266147https://images.media-allrecipes.com/userphotos/560x315/5768947.jpg,268136https://images.media-allrecipes.com/userphotos/560x315/6330907.jpg,268180